SimulationTime 2400
SimulationStepTime 50
Conductivity 2.1
Alfa 7
Tot 24
InitialTemp 95
Density 2560
SpecificHeat 1085
Nodes number 85
Elements number 78
*Node
      1, 0.045000, 0.000000
      2, 0.038971, 0.022500
      3, 0.022500, 0.038971
      4, 0.000000, 0.045000
      5, -0.022500, 0.038971
      6, -0.038971, 0.022500
      7, -0.045000, 0.000000
      8, -0.038971, -0.022500
      9, -0.022500, -0.038971
      10, -0.000000, -0.045000
      11, 0.022500, -0.038971
      12, 0.038971, -0.022500
      13, 0.037500, 0.000000
      14, 0.032476, 0.018750
      15, 0.018750, 0.032476
      16, 0.000000, 0.037500
      17, -0.018750, 0.032476
      18, -0.032476, 0.018750
      19, -0.037500, 0.000000
      20, -0.032476, -0.018750
      21, -0.018750, -0.032476
      22, -0.000000, -0.037500
      23, 0.018750, -0.032476
      24, 0.032476, -0.018750
      25, 0.031250, 0.000000
      26, 0.027063, 0.015625
      27, 0.015625, 0.027063
      28, 0.000000, 0.031250
      29, -0.015625, 0.027063
      30, -0.027063, 0.015625
      31, -0.031250, 0.000000
      32, -0.027063, -0.015625
      33, -0.015625, -0.027063
      34, -0.000000, -0.031250
      35, 0.015625, -0.027063
      36, 0.027063, -0.015625
      37, 0.025000, 0.000000
      38, 0.021651, 0.012500
      39, 0.012500, 0.021651
      40, 0.000000, 0.025000
      41, -0.012500, 0.021651
      42, -0.021651, 0.012500
      43, -0.025000, 0.000000
      44, -0.021651, -0.012500
      45, -0.012500, -0.021651
      46, -0.000000, -0.025000
      47, 0.012500, -0.021651
      48, 0.021651, -0.012500
      49, 0.018750, 0.000000
      50, 0.016238, 0.009375
      51, 0.009375, 0.016238
      52, 0.000000, 0.018750
      53, -0.009375, 0.016238
      54, -0.016238, 0.009375
      55, -0.018750, 0.000000
      56, -0.016238, -0.009375
      57, -0.009375, -0.016238
      58, -0.000000, -0.018750
      59, 0.009375, -0.016238
      60, 0.016238, -0.009375
      61, 0.012500, 0.000000
      62, 0.010825, 0.006250
      63, 0.006250, 0.010825
      64, 0.000000, 0.012500
      65, -0.006250, 0.010825
      66, -0.010825, 0.006250
      67, -0.012500, 0.000000
      68, -0.010825, -0.006250
      69, -0.006250, -0.010825
      70, -0.000000, -0.012500
      71, 0.006250, -0.010825
      72, 0.010825, -0.006250
      73, 0.006250, 0.000000
      74, 0.005413, 0.003125
      75, 0.003125, 0.005413
      76, 0.000000, 0.006250
      77, -0.003125, 0.005413
      78, -0.005413, 0.003125
      79, -0.006250, 0.000000
      80, -0.005413, -0.003125
      81, -0.003125, -0.005413
      82, -0.000000, -0.006250
      83, 0.003125, -0.005413
      84, 0.005413, -0.003125
      85, 0.000000, 0.000000
*Element, type=DC2D4
 1, 1, 2, 14, 13
 2, 2, 3, 15, 14
 3, 3, 4, 16, 15
 4, 4, 5, 17, 16
 5, 5, 6, 18, 17
 6, 6, 7, 19, 18
 7, 7, 8, 20, 19
 8, 8, 9, 21, 20
 9, 9, 10, 22, 21
 10, 10, 11, 23, 22
 11, 11, 12, 24, 23
 12, 12, 1, 13, 24
 13, 13, 14, 26, 25
 14, 14, 15, 27, 26
 15, 15, 16, 28, 27
 16, 16, 17, 29, 28
 17, 17, 18, 30, 29
 18, 18, 19, 31, 30
 19, 19, 20, 32, 31
 20, 20, 21, 33, 32
 21, 21, 22, 34, 33
 22, 22, 23, 35, 34
 23, 23, 24, 36, 35
 24, 24, 13, 25, 36
 25, 25, 26, 38, 37
 26, 26, 27, 39, 38
 27, 27, 28, 40, 39
 28, 28, 29, 41, 40
 29, 29, 30, 42, 41
 30, 30, 31, 43, 42
 31, 31, 32, 44, 43
 32, 32, 33, 45, 44
 33, 33, 34, 46, 45
 34, 34, 35, 47, 46
 35, 35, 36, 48, 47
 36, 36, 25, 37, 48
 37, 37, 38, 50, 49
 38, 38, 39, 51, 50
 39, 39, 40, 52, 51
 40, 40, 41, 53, 52
 41, 41, 42, 54, 53
 42, 42, 43, 55, 54
 43, 43, 44, 56, 55
 44, 44, 45, 57, 56
 45, 45, 46, 58, 57
 46, 46, 47, 59, 58
 47, 47, 48, 60, 59
 48, 48, 37, 49, 60
 49, 49, 50, 62, 61
 50, 50, 51, 63, 62
 51, 51, 52, 64, 63
 52, 52, 53, 65, 64
 53, 53, 54, 66, 65
 54, 54, 55, 67, 66
 55, 55, 56, 68, 67
 56, 56, 57, 69, 68
 57, 57, 58, 70, 69
 58, 58, 59, 71, 70
 59, 59, 60, 72, 71
 60, 60, 49, 61, 72
 61, 61, 62, 74, 73
 62, 62, 63, 75, 74
 63, 63, 64, 76, 75
 64, 64, 65, 77, 76
 65, 65, 66, 78, 77
 66, 66, 67, 79, 78
 67, 67, 68, 80, 79
 68, 68, 69, 81, 80
 69, 69, 70, 82, 81
 70, 70, 71, 83, 82
 71, 71, 72, 84, 83
 72, 72, 61, 73, 84
 73, 73, 74, 75, 85
 74, 75, 76, 77, 85
 75, 77, 78, 79, 85
 76, 79, 80, 81, 85
 77, 81, 82, 83, 85
 78, 83, 84, 73, 85
*BC
1, 2, 3, 4, 5, 6, 7, 8, 9, 10, 11, 12, 13, 14, 15, 16, 17, 18, 19, 20, 21, 22, 23, 24
Conductivity2 0.677
InitialTemp2 95
Density2 977
SpecificHeat2 4200
NoWaterNr 24
Alfa2 1912
